bob,59974,10.00,838998
bob,26959,15.43,838998
bob,70110,10.00,241059
bob,86073,15.43,241059
bob,88081,10.00,848675
bob,52614,15.43,848675
bob,15987,10.00,377967
bob,59377,15.43,377967
bob,96586,10.00,916816
bob,43536,15.43,916816
bob,35071,10.00,583274
bob,87115,10.00,785367
bob,85049,15.43,785367
bob,85031,10.00,833570
bob,85677,15.43,833570
bob,75736,10.00,923997
bob,59349,15.43,923997
bob,15513,10.00,085928
bob,53731,10.00,818731
bob,80259,10.00,119642
bob,84132,325.00,119642
bob,72218,10.00,001655
bob,37565,325.00,001655
bob,07849,10.00,914136
bob,91907,325.00,914136
bob,95533,20.21,989099
bob,29318,325.00,989099
bob,17742,10.00,967400
bob,47474,325.00,967400
weg,70793,20.00,989099
oeghhsv,47388,902640
oeghhsv,47388,902640
oeghhsv,69897,15.0,902640
wvdnoiqn,37877,20.119999999999997,914909
wvdnoiqn,34153,10.21,914909
wvdnoiqn,00897,10.21,914909
wvdnoiqn,06086,10.21,914909
wvdnoiqn,79358,10.21,914909
wvdnoiqn,03658,10.21,914909
dylan,74871,0.0,641897
dylan,62968,110.21,641897
